theta0 = 1.0252834303812197
theta1 = -0.6209591356401146
max_mileage = 240000.0
max_price = 8290.0